+150mA 25C: [[ 0.34817103  0.35550465  0.21568084  0.15327994 -0.00110476  0.01615945  0.01705549]
                           [ 0.20917792  0.20849816  0.32481377  0.18122442  0.00581792  0.01684856  0.57644488]]
-150mA 25C: [[0.40695454 0.41087532 0.16197193 0.09963222 0.00074501 0.00995011  0.0047195 ]
                          [0.35388642 0.35456836 0.24220868 0.13285092 0.00370735 0.01102874  0.43917046]]
+150mA 125C: [[0.10758134 0.12284525 0.25854756 0.09780766 0.05064974 0.09534369  0.09492066]
                            [0.19367655 0.18801914 0.28301653 0.17178129 0.0172367  0.01296547  0.3622335 ]]
+150mA -40C: [[ 0.05696163 -0.0629668   0.26795218  0.23967087  0.23124731  0.42561056   0.42509629]
                            [ 0.21206192  0.21223408  0.32992138  0.18400877  0.00610494  0.01757716   0.5652733 ]]
-150mA 125C: [[0.26441407 0.27234669 0.15243834 0.08421943 0.03414233 0.07101675  0.05051345]
                            [0.30099305 0.30457666 0.21190731 0.12181666 0.002602   0.01650058  0.26753359]]
-150mA -40C: [[ 0.11574276 -0.11640797 -0.22267212  0.19702714  0.19379305  0.37641715   0.37573595]
                           [ 0.35803494  0.35802051  0.24510343  0.13472265  0.00429192  0.01085925   0.42859803]]